1.233899633810999971e-02 1.617037772194120953e+04 1.617037772194120953e+04 1.617037772194120953e+04 1.811082304857415511e+04 2.762912279538999883e+03 1.962585188617900030e+03 1.649130391984800099e+03 2.187224409254400143e+03 2.424036726711000028e+03
1.811116978827000124e-02 1.101675009562962987e+04 1.101675009562962987e+04 1.101675009562962987e+04 2.403877252722400499e+03 1.756459977492999997e+03 1.658403585507900289e+03 1.428909175814399987e+03 1.321267423443709959e+03 1.291905139243320036e+03
2.658356175100000038e-02 7.505624466946466782e+03 7.505624466946466782e+03 2.807743322834000082e+03 1.851803813658400031e+03 1.252022929957000088e+03 1.161358838382599970e+03 9.401594645560799108e+02 9.743548469736100515e+02 9.186712355150999656e+02
3.901933246890999796e-02 5.113522422657212701e+03 5.113522422657212701e+03 1.876001804517999972e+03 1.336991893935040025e+03 9.669299798496000449e+02 8.403175973559400518e+02 8.000862033952799948e+02 8.221088870105899105e+02 8.073510524811000550e+02
5.727254762095999874e-02 3.483802271506907800e+03 3.483802271506907800e+03 1.329983684142999891e+03 9.891419172270720992e+02 7.159476704943000414e+02 6.487085119586499786e+02 5.818640520885599017e+02 6.051346407848000126e+02 6.143835719795399655e+02
8.406460345289999692e-02 2.373486857743629116e+03 1.985714278184000023e+03 6.950909844354999905e+02 6.656157463400480765e+02 5.308039670491000379e+02 4.743786447724500590e+02 4.213559018875199627e+02 4.327251823493049869e+02 4.309273887744600415e+02
1.233899633811000041e-01 1.730065955936999899e+03 1.116287799502000098e+03 6.206985960514000453e+02 5.209711231717440114e+02 4.039188396374000263e+02 3.740327328314500619e+02 3.565258306647600079e+02 3.724553079785799810e+02 3.750937496535600530e+02
1.811116978827000124e-01 6.734992423761000282e+02 4.839136213836999900e+02 4.325603920582000228e+02 3.555034041499360455e+02 2.943005172210999945e+02 2.916927571647100308e+02 3.014522660785199832e+02 2.797382196236849836e+02 2.803190963466600465e+02
2.658356175100000107e-01 6.662933307581999998e+02 4.808628539082000088e+02 3.108870651239000154e+02 2.718390458193759969e+02 2.144575846520999960e+02 2.161089066142600075e+02 2.258856574149599794e+02 2.111421575770000061e+02 2.026242359253000132e+02
3.901933246891000073e-01 6.555232770315000153e+02 3.019167161481000221e+02 2.088990516092999883e+02 1.866971419064639974e+02 1.607435452960000077e+02 1.653382775361000085e+02 1.627435119541999882e+02 1.634920245611999974e+02 1.553333703433000039e+02
5.727254762096000151e-01 3.146362523117999785e+02 2.156343424931999948e+02 1.614798003955000070e+02 1.360398501753760172e+02 1.258373801677000046e+02 1.214713133566000067e+02 1.206219386277000041e+02 1.225094330019999944e+02 1.181561032990999962e+02
8.406460345289999969e-01 1.743142677920000096e+02 1.301996310970000081e+02 1.105628767267999990e+02 9.677350582050000583e+01 9.052725505841999620e+01 8.844787580317000675e+01 8.788838120766999396e+01 8.791865051995000613e+01 8.515485841372000664e+01
1.233899633810999985e+00 1.571078302077999922e+02 9.539718381628000543e+01 8.014287245165999707e+01 7.071744438941000510e+01 6.472774829850000344e+01 6.336884080739000069e+01 6.258751094854999764e+01 6.258329705810000121e+01 6.024707350799000238e+01
1.811116978827000068e+00 1.082803642500000052e+02 7.584109857209000438e+01 6.109169138035999680e+01 5.305346135466000135e+01 4.807606376156000039e+01 4.641441203435999796e+01 4.532313420687999894e+01 4.507958274626000161e+01 4.284963397468000323e+01
2.658356175100000218e+00 7.520915926141999819e+01 5.572965149611999891e+01 4.649753747018999661e+01 4.029384165737000245e+01 3.635955707157999939e+01 3.463304761765999729e+01 3.385543737742000303e+01 3.372787845696999653e+01 3.252941359177000180e+01
3.901933246891000184e+00 6.475719229704000668e+01 4.383993736245000150e+01 3.628801937047000337e+01 3.093488794574999901e+01 2.760337651501000167e+01 2.620112106790000084e+01 2.581675597774999886e+01 2.593475380950999920e+01 2.465345941002000174e+01
5.727254762095999929e+00 4.826448608366000315e+01 3.314087430819999724e+01 2.681341322708000163e+01 2.292650746956000063e+01 2.031535017632999995e+01 1.913144285622999874e+01 1.919236212803999919e+01 2.002218645866999935e+01 1.844391180371999894e+01
8.406460345290000191e+00 3.461411965207000208e+01 2.410447999285999998e+01 1.957836882289999991e+01 1.655658442408000042e+01 1.437858470153999946e+01 1.366369415363999984e+01 1.398757487770000019e+01 1.489282973413999933e+01 1.330476458130000061e+01
1.233899633811000029e+01 2.095846779570999985e+01 1.551487686731000082e+01 1.313827476324000010e+01 1.116553081326000019e+01 9.519063047754000806e+00 9.199186270410999455e+00 9.593546842874999925e+00 1.037177786560999948e+01 8.797249821530000347e+00
1.811116978827000068e+01 1.492486128428000036e+01 1.024451434050000032e+01 8.613582673025000247e+00 7.254160895593999570e+00 6.045543649266000408e+00 5.774724580363000292e+00 5.978115975693000017e+00 7.044564060328999844e+00 5.583024905160000273e+00
2.658356175100000129e+01 9.302266696316999983e+00 6.016985321464000336e+00 5.192405394891999926e+00 4.336057986422000354e+00 3.509861724228999780e+00 3.425763322709999947e+00 3.610128002261999924e+00 4.563067335499000343e+00 3.556966942597000081e+00
3.901933246891000096e+01 4.462046846806999589e+00 3.057046766688999995e+00 2.832571855994999943e+00 2.319783150880999845e+00 1.572575419799999930e+00 1.639413733650000093e+00 1.826162809568999901e+00 2.372708909478999928e+00 1.602975665610999911e+00
5.727254762095999752e+01 2.723916994240000111e+00 2.350483892949999820e+00 2.078134223118000001e+00 1.629990374766999928e+00 8.256685508118000172e-01 9.404835262213000480e-01 9.436953688724000200e-01 1.246688649495000023e+00 4.615918648981000016e-01
8.406460345290000191e+01 2.786245715019000091e+00 2.000558835415000125e+00 1.699448721723000100e+00 1.206475794214000086e+00 7.108119291100000181e-01 7.258110820797000207e-01 5.081449038476999469e-01 3.970906722920000131e-01 -1.582534666569999915e-01
