1.233899633810999971e-02 1.000000000000000000e+05 1.000000000000000000e+05 1.000000000000000000e+05 1.120000000000000146e+05 4.538957603489000121e+02 2.891654258753699764e+02 2.687370359101200279e+02 4.020198314073499546e+02 4.863908646664199864e+02
1.811116978827000124e-02 1.000000000000000000e+05 1.000000000000000000e+05 1.000000000000000000e+05 3.536770314640640436e+02 2.406413096612000118e+02 1.665459807616000205e+02 2.064559007728799713e+02 1.794592701146899856e+02 2.026143354337199867e+02
2.658356175100000038e-02 1.000000000000000000e+05 1.000000000000000000e+05 1.000000000000000000e+05 2.090261753003200340e+02 1.297162087488999873e+02 1.072564162627540156e+02 8.334073458070800200e+01 9.796214329127649023e+01 1.067729732377560055e+02
3.901933246890999796e-02 1.000000000000000000e+05 1.000000000000000000e+05 2.796722744278999926e+02 9.979633950037921863e+01 5.957288127916000064e+01 6.547381530963900786e+01 6.633859626357599382e+01 7.035417297609699006e+01 8.567945594832600875e+01
5.727254762095999874e-02 1.000000000000000000e+05 1.000000000000000000e+05 1.928797182753999948e+02 6.658468322098880776e+01 3.607875007925999711e+01 3.620312955869500371e+01 6.189496929298799444e+01 4.593971263491149415e+01 5.342639015858399887e+01
8.406460345289999692e-02 1.000000000000000000e+05 1.000000000000000000e+05 7.844053779723999753e+01 4.024544824526240205e+01 2.189269567283999862e+01 2.709186017657900436e+01 3.844060775041199918e+01 3.191878958374899611e+01 3.998244763225800114e+01
1.233899633811000041e-01 1.554374395732000039e+03 2.087958345078999969e+02 4.399327977659000055e+01 2.278659367043360007e+01 1.713226957887000168e+01 2.519670407344199958e+01 3.341014726265999712e+01 2.371542340538949745e+01 2.418296992173000248e+01
1.811116978827000124e-01 1.929785316910000006e+02 8.366943421614000442e+01 3.012098541357000059e+01 1.354199273741440024e+01 1.238894845039999915e+01 1.998681157221100335e+01 3.647176306961999614e+01 2.011966956922150018e+01 3.019902742981799904e+01
2.658356175100000107e-01 1.769978492433000099e+02 6.871186342402999969e+01 2.097314683017999926e+01 1.262135840593600022e+01 1.075567790098999943e+01 1.742183178313600322e+01 3.217137609121199660e+01 8.112867962592000382e+00 8.608394532365000629e+00
3.901933246891000073e-01 1.231501091465000002e+02 3.914377896180999983e+01 1.331950150215000050e+01 8.578593854883360237e+00 8.608997748992999632e+00 2.930604802456000080e+00 4.013980135485000211e+00 6.605232492627999719e+00 7.448933070757999708e+00
5.727254762096000151e-01 5.446465424299000091e+01 1.030898527123999919e+01 3.229416146615000205e+00 7.061190544089920529e+00 2.321997154762000193e+00 2.402710092142000153e+00 3.337743770088000161e+00 5.653066285596000107e+00 6.395800800257999796e+00
8.406460345289999969e-01 2.383738793636999986e+01 6.728731740367000391e+00 2.640240374373000076e+00 1.562653392917999984e+00 1.689290087824000031e+00 1.848363352023999928e+00 2.635334879393000040e+00 4.616108572112000097e+00 5.223980073992000150e+00
1.233899633810999985e+00 1.577863509758000049e+01 3.639859912876000081e+00 1.564468387935000093e+00 1.005836056839999992e+00 1.316510844611000097e+00 1.512504765737000101e+00 2.045235872092999951e+00 3.475975974317000006e+00 4.078630489363000322e+00
1.811116978827000068e+00 1.123100874752000067e+01 2.945052527470000125e+00 1.223365260890999950e+00 9.091047279803999848e-01 1.108122442698999954e+00 1.238769498374000078e+00 1.702287946652000006e+00 2.629464872396999997e+00 3.221976463868999829e+00
2.658356175100000218e+00 6.948457659354000171e+00 2.131849183148000204e+00 9.916964867730000410e-01 7.313057392245999599e-01 8.850577665898999857e-01 9.911982242917000141e-01 1.342866527923000097e+00 2.077792325873999868e+00 2.602419078886999859e+00
3.901933246891000184e+00 5.720477158593999967e+00 1.707414269944999896e+00 7.829776262729000180e-01 5.952927053484999842e-01 7.245988243594000400e-01 7.774578715940999585e-01 1.108115768720999927e+00 1.643171722875000018e+00 2.193093520758000015e+00
5.727254762095999929e+00 3.614186056002000047e+00 1.138591965205000056e+00 7.298146937095000286e-01 5.375075118020999909e-01 6.249913196170000518e-01 6.866516227480999879e-01 9.868549650008999752e-01 1.567293577772999935e+00 2.101345612659000217e+00
8.406460345290000191e+00 2.641987659159000135e+00 8.058046205451999677e-01 6.035097127042999832e-01 4.408961857747000224e-01 5.310951982939999816e-01 6.029498402588000516e-01 8.696240200461999859e-01 1.545229392366000098e+00 1.896493629634999900e+00
1.233899633811000029e+01 1.747299823289000020e+00 6.753829066455999675e-01 5.043684993071999578e-01 3.624906496088000085e-01 4.443915921993999985e-01 5.331470740797999985e-01 7.348796803474999528e-01 1.432788968904999960e+00 1.636335625512000069e+00
1.811116978827000068e+01 1.293306424057000026e+00 4.693866223463000198e-01 3.969195280575000262e-01 3.190715477625999941e-01 3.558542550230999746e-01 5.024690918327000544e-01 6.869321065154000427e-01 1.262999229742999940e+00 1.351768413487999920e+00
2.658356175100000129e+01 1.135186849504000062e+00 4.865281167512000016e-01 3.642155228460999816e-01 2.895980583530000096e-01 3.019895822399999985e-01 4.359299891715999742e-01 5.589714892663000256e-01 9.604543538512000378e-01 1.146604202085000024e+00
3.901933246891000096e+01 7.822792897377000010e-01 4.079786101630000217e-01 3.374171163220999747e-01 2.824417131781999935e-01 2.358041633996000030e-01 3.154405306845999846e-01 4.467952080209999788e-01 7.652160049684999521e-01 8.055990131039000302e-01
5.727254762095999752e+01 8.117138715680000116e-01 3.491420749811000035e-01 2.867672110623999959e-01 2.322089496614999915e-01 1.763684791167000054e-01 2.388730584768999909e-01 3.071166326299999971e-01 5.938025718896999816e-01 7.004039322677999557e-01
8.406460345290000191e+01 7.489989774219000251e-01 3.168810290569999966e-01 2.409983657418000025e-01 1.952427071213999887e-01 1.525871105431000074e-01 2.291915551136000095e-01 2.428467888204000058e-01 4.665777029018999822e-01 6.215344064282000147e-01
