0.01059 76879.08067 90309.76350 79059.97981 64372.76222 58122.88239 51873.00257 47185.59270 42498.18282 39060.74892
0.01189 97513.91448 80968.74220 67695.01397 56412.34498 51766.54010 46014.59120 41811.24392 32740.86297 36944.21024
0.01334 75456.15844 72356.51556 58887.36764 49803.52370 41189.53375 39623.35376 32105.68981 30226.27382 29599.80182
0.01496 52281.99047 60870.50165 51113.32106 43573.68151 34149.13207 30268.43525 29492.29588 26831.24663 25389.84495
0.01679 60347.13484 53846.52999 44976.60158 36577.64282 28649.65371 24332.43192 21899.08873 20486.17978 19465.74554
0.01884 44431.13596 44621.84094 37897.85121 30618.15985 22616.05637 22838.33702 19226.27642 15780.92631 15447.50533
0.02113 41536.44826 39654.38798 35484.27773 25963.83737 20731.52923 18803.83676 16561.41899 13807.57260 14122.29790
0.02371 34258.72201 33921.58657 27070.22672 20803.73905 19188.37779 15484.18730 13005.44329 12337.01794 10610.25245
0.02661 28497.48028 29811.16130 25650.86630 18138.67486 15003.66584 12558.75314 11040.54122 9502.61227 8930.81817
0.02985 26899.50530 25626.97832 20336.67125 14809.06808 11947.55634 9630.42976 9323.34070 8150.81881 7815.81256
0.03350 21474.26094 22391.44812 17845.76139 13260.54694 9851.28190 8556.74937 7746.43130 6106.03131 5740.39998
0.03758 22086.84292 19335.58203 15040.11844 11031.48548 7967.29484 6980.87730 5994.45977 5224.91417 4875.12072
0.04217 17717.54336 16258.70095 12663.04366 9087.19715 7061.54449 5679.74231 5174.56732 4565.38571 3753.14356
0.04732 16496.39125 13904.74884 10174.10921 7379.63573 5752.74025 4739.43682 4069.74493 3589.39002 3393.04056
0.05309 13052.28901 11809.44085 8575.09776 6499.95515 4769.84223 3779.43325 3233.34309 2945.40464 2791.50651
0.05957 10681.11581 10026.05595 7156.41306 4970.35319 3724.43965 3144.53631 2666.55537 2374.84642 2216.69096
0.06683 9869.59992 8454.88253 6016.52299 4103.15720 3076.80688 2575.45030 2199.74389 1970.83666 1756.85817
0.07499 8277.88642 6965.55636 4981.27678 3411.81996 2445.66164 2090.72836 1842.36314 1622.18121 1493.59496
0.08414 6978.51471 5826.92446 4096.06768 2771.73778 2077.15045 1722.99819 1507.26461 1317.71833 1265.96721
0.09441 5985.35452 4932.19252 3324.57914 2272.70031 1703.28206 1382.37736 1202.28228 1102.52374 1028.36694
0.10593 4909.71515 4016.42275 2790.50882 1833.33973 1335.22431 1138.04060 993.35588 886.17044 898.98270
0.11885 4192.14132 3374.95155 2181.20092 1494.72794 1129.92165 924.17886 812.67954 755.60251 719.76344
0.13335 3531.03720 2768.78931 1812.94967 1198.22402 885.14464 755.30832 674.02358 617.48448 598.69032
0.14962 2927.98405 2286.72622 1460.35955 974.27455 742.65239 606.27361 567.68840 509.36707 499.27726
0.16788 2412.12075 1850.77417 1169.43808 800.90432 603.17557 495.63750 454.19217 410.70597 423.97161
0.18836 2110.66574 1512.78681 959.03014 642.39135 491.74064 419.99956 364.54053 351.20369 342.14576
0.21135 1679.04864 1228.55307 759.29765 511.60883 390.00685 326.27497 297.20222 287.44574 285.20332
0.23714 1371.38736 991.16603 630.82906 415.09478 313.60553 269.57301 247.51498 232.39185 244.50706
0.26607 1097.30313 800.06382 503.95334 336.79229 252.40337 213.12703 203.46568 195.28311 202.00662
0.29854 937.51284 649.52631 402.64066 265.55331 199.50124 176.76269 166.26583 167.66169 172.07261
0.33497 751.64712 516.35844 317.44512 212.79551 164.02819 145.66757 139.61983 140.61791 144.73867
0.37584 606.41568 417.95461 254.94387 165.22884 131.04703 122.14129 117.53101 118.62936 124.68079
0.42170 486.94533 333.67348 201.79804 131.26670 105.82470 99.82699 98.28670 98.84140 105.02236
0.47315 396.01565 267.20985 155.68686 102.13606 86.36849 81.18277 80.83214 82.36086 86.87339
0.53088 313.67841 211.37695 120.29407 81.38267 70.21760 66.65064 67.06766 69.70626 73.03741
0.59566 248.12928 166.40579 91.97959 63.50634 57.80396 54.73223 55.73212 57.93927 60.86690
0.66834 198.56721 128.32387 70.85696 51.33267 46.83539 45.32883 46.31413 47.21110 49.86841
0.74989 158.48367 97.28481 54.48585 41.28198 38.24787 37.06241 37.23856 38.48919 40.85570
0.84140 123.12926 73.29965 42.19410 33.27047 30.56008 30.04943 30.41480 31.22661 33.22183
0.94406 96.57803 54.58802 33.29222 26.74700 24.62912 24.06632 24.64633 25.12747 26.77393
1.05925 74.13106 40.85982 26.26073 21.30207 19.73679 19.30055 19.61304 19.97928 21.07301
1.18850 54.79894 30.98504 20.68905 16.85693 15.65056 15.27757 15.48863 15.72866 16.68636
1.33352 40.52552 23.55269 16.35280 13.40619 12.42545 11.99788 12.15278 12.25991 12.95780
1.49624 29.25935 18.15335 12.93669 10.59430 9.71704 9.40759 9.44551 9.58222 9.99157
1.67880 21.46399 14.11883 10.12203 8.37394 7.61451 7.33310 7.35963 7.37360 7.63955
1.88365 15.98447 11.12169 7.96174 6.58466 6.02096 5.76083 5.67670 5.73672 5.81346
2.11349 12.12543 8.80358 6.38243 5.23235 4.74869 4.51552 4.40698 4.38239 4.50014
2.37137 9.81380 7.10485 5.14492 4.21060 3.78175 3.57827 3.50613 3.43584 3.50318
2.66073 8.12558 5.78623 4.20339 3.42705 3.06788 2.88564 2.79427 2.76191 2.76099
2.98538 6.99217 4.76963 3.48217 2.82411 2.51475 2.35627 2.27569 2.23930 2.24068
3.34965 5.85111 3.98256 2.91970 2.35706 2.09270 1.96391 1.88638 1.84505 1.85592
3.75837 5.04052 3.35101 2.45499 1.97965 1.76024 1.65215 1.57868 1.54431 1.54380
4.21697 4.32800 2.83239 2.07758 1.67768 1.48715 1.38739 1.33460 1.30288 1.30455
4.73151 3.66610 2.38675 1.74465 1.41448 1.25420 1.17455 1.12424 1.10569 1.10600
5.30884 3.09802 2.01134 1.47309 1.19710 1.06176 0.98818 0.95641 0.94262 0.93688
5.95662 2.62187 1.70031 1.24358 1.00830 0.89432 0.83847 0.81075 0.79459 0.78946
6.68344 2.19319 1.41915 1.04035 0.84946 0.75280 0.70761 0.68061 0.66902 0.66918
7.49894 1.81760 1.18165 0.86765 0.71040 0.63156 0.59162 0.57218 0.56172 0.55926
8.41395 1.50863 0.98377 0.72384 0.59167 0.52665 0.49302 0.48005 0.46797 0.46880
9.44061 1.24069 0.81302 0.59985 0.49220 0.43979 0.41077 0.39810 0.38938 0.38993
10.59254 1.02879 0.67069 0.49567 0.40634 0.36398 0.34113 0.32898 0.32373 0.32255
11.88502 0.84177 0.54975 0.40571 0.33333 0.29858 0.28079 0.27176 0.26579 0.26700
13.33521 0.68337 0.44796 0.33203 0.27411 0.24480 0.23002 0.22294 0.21765 0.21787
14.96236 0.55354 0.36436 0.26965 0.22183 0.19922 0.18681 0.18091 0.17644 0.17812
16.78804 0.44574 0.29423 0.21784 0.17910 0.16047 0.15181 0.14622 0.14336 0.14372
18.83649 0.35638 0.23491 0.17484 0.14290 0.12861 0.12115 0.11704 0.11474 0.11523
21.13489 0.28265 0.18723 0.13840 0.11327 0.10219 0.09627 0.09304 0.09105 0.09160
23.71374 0.22319 0.14707 0.10857 0.08875 0.08046 0.07563 0.07328 0.07180 0.07201
26.60725 0.17318 0.11434 0.08415 0.06924 0.06180 0.05849 0.05678 0.05593 0.05573
29.85383 0.13300 0.08717 0.06447 0.05268 0.04713 0.04477 0.04328 0.04262 0.04266
33.49654 0.10017 0.06601 0.04851 0.03984 0.03557 0.03376 0.03253 0.03252 0.03227
37.58374 0.07480 0.04897 0.03621 0.02963 0.02633 0.02527 0.02422 0.02401 0.02400
42.16965 0.05403 0.03549 0.02618 0.02152 0.01914 0.01835 0.01772 0.01724 0.01742
47.31513 0.03883 0.02534 0.01853 0.01510 0.01363 0.01312 0.01244 0.01239 0.01248
53.08844 0.02716 0.01776 0.01297 0.01051 0.00947 0.00915 0.00847 0.00852 0.00881
59.56621 0.01824 0.01208 0.00895 0.00718 0.00658 0.00628 0.00570 0.00583 0.00585
66.83439 0.01271 0.00814 0.00597 0.00471 0.00443 0.00412 0.00380 0.00389 0.00393
74.98942 0.00729 0.00515 0.00369 0.00296 0.00265 0.00255 0.00223 0.00233 0.00250
84.13951 0.00441 0.00292 0.00220 0.00180 0.00158 0.00154 0.00134 0.00130 0.00150
94.40609 0.00395 0.00248 0.00183 0.00156 0.00139 0.00124 0.00120 0.00116 0.00129
105.92537 0.00507 0.00327 0.00236 0.00195 0.00173 0.00163 0.00165 0.00158 0.00151
118.85022 0.00343 0.00230 0.00160 0.00139 0.00115 0.00107 0.00106 0.00109 0.00107
133.35214 0.00035 0.00027 0.00018 0.00022 0.00012 0.00007 0.00004 0.00013 0.00010
149.62357 -0.00082 -0.00052 -0.00042 -0.00034 -0.00028 -0.00034 -0.00031 -0.00029 -0.00027
