-2.200000000000000000e+01 -3.912497611708023459e+00
-2.150000000000000000e+01 -3.228036447379977858e+00
-2.100000000000000000e+01 -2.736764852291533767e+00
-2.050000000000000000e+01 -2.373041573480066280e+00
-2.000000000000000000e+01 -2.095053933887509157e+00
-1.950000000000000000e+01 -1.875776144343622942e+00
-1.900000000000000000e+01 -1.697535654290386331e+00
-1.850000000000000000e+01 -1.548590672727750084e+00
-1.800000000000000000e+01 -1.420993778387788620e+00
-1.750000000000000000e+01 -1.309300179542420395e+00
-1.700000000000000000e+01 -1.209673825794013835e+00
