9.973000433626832972e-01
9.973371056164924697e-01
9.973784442842026365e-01
9.974246295543339746e-01
9.974768018039268380e-01
9.975352461272412041e-01
9.976005327127972500e-01
9.976740870318954180e-01
9.977567643673157516e-01
9.978491349075785388e-01
9.979531943125040661e-01
9.980695127706127323e-01
9.982003710359850235e-01
9.983471945799211600e-01
9.985116939679816728e-01
9.986964350485071362e-01
9.989034134813180588e-01
9.991360503975353913e-01
9.993969116454995971e-01
9.996897034505917157e-01
1.000018132038192453e+00
1.000386473822203248e+00
1.000799860499304916e+00
1.001263708860439250e+00
1.001784290979327308e+00
1.002368164023951236e+00
1.003023595727852602e+00
1.003758853824573638e+00
1.004583631518956688e+00
1.005509332581404625e+00
1.006547930970840277e+00
1.007713111211747226e+00
1.009020553488429117e+00
1.010487363456490151e+00
1.012133212619875433e+00
1.013980053236610113e+00
1.016052118318800490e+00
1.018377062009672818e+00
1.020985959583575298e+00
1.023912737257455907e+00
1.027196738039204416e+00
1.030881581350611587e+00
1.035016018310149555e+00
1.039655072110011957e+00
1.044859752921853291e+00
1.050699908839391350e+00
1.052924832731340521e+00
1.050356640984534629e+00
1.047474944211400638e+00
1.044241799141598648e+00
1.040614083895712971e+00
1.036543697162525035e+00
1.032193896003142042e+00
1.027587403316252646e+00
1.022418774204965297e+00
1.016619431427507436e+00
1.010686709622888646e+00
1.004072000398386733e+00
9.969201801485252368e-01
9.892639951350500338e-01
9.809773923052639288e-01
9.720025459206638185e-01
9.624921115290507867e-01
9.522077032768860860e-01
9.411488200864459586e-01
9.292727169823911115e-01
9.165206006492776503e-01
9.027838781597234963e-01
8.879558366508051304e-01
8.719218354807528604e-01
8.545486364848190464e-01
8.354440709993652403e-01
8.143351751499057212e-01
7.905032578194066684e-01
7.632696960937623842e-01
7.312151364388416175e-01
6.888355182875715021e-01
6.151918120484012320e-01
5.475251917021304315e-01
1.756388659887342607e+00
7.418607658515092851e-01
7.640840465263787351e-02
1.923687687364813215e+00
1.023638934871420991e+00
