1.000000000000000000e+00
1.000000000000000000e+00
1.000000000000000000e+00
1.000000000000000000e+00
1.000000000000000000e+00
1.000000000000000000e+00
1.000000000000000000e+00
1.000000000000000000e+00
1.000000000000000000e+00
1.000000000000000000e+00
1.000000000000000000e+00
1.000000000000000000e+00
1.000000000000000000e+00
1.000000000000000000e+00
1.000000000000000000e+00
1.000000000000000000e+00
1.000000000000000000e+00
1.000000000000000000e+00
1.000000000000000000e+00
1.000000000000000000e+00
1.000000000000000000e+00
1.000000000000000000e+00
1.000000000000000000e+00
1.000000000000000000e+00
1.000000000000000000e+00
1.000000000000000000e+00
1.000000000000000000e+00
1.000000000000000000e+00
1.000000000000000000e+00
1.000000000000000000e+00
1.000000000000000000e+00
1.000000000000000000e+00
1.000000000000000000e+00
1.000000000000000000e+00
1.000000000000000000e+00
1.000000000000000000e+00
1.000000000000000000e+00
1.000000000000000000e+00
1.000000000000000000e+00
1.000000000000000000e+00
1.000000000000000000e+00
1.000000000000000000e+00
1.000000000000000000e+00
1.000000000000000000e+00
1.000000000000000000e+00
1.000000000000000000e+00
1.000000000000000000e+00
1.000000000000000000e+00
1.000000000000000000e+00
1.000000000000000000e+00
1.000000000000000000e+00
1.000000000000000000e+00
1.000000000000000000e+00
1.000000000000000000e+00
1.000000000000000000e+00
1.000000000000000000e+00
1.000000000000000000e+00
1.000000000000000000e+00
1.000263417345102379e+00
1.000868502925277959e+00
1.001409346812700107e+00
1.001159169210464217e+00
9.999890396089368139e-01
9.975438844814382700e-01
9.943417260914149125e-01
9.903655422944721565e-01
9.857148899407913722e-01
9.805087856383055689e-01
9.747831678811734735e-01
9.685615517428691756e-01
9.619070310401520718e-01
9.548367917551527917e-01
9.473320293831410943e-01
9.393305294306681930e-01
9.307208313814053779e-01
9.212524521006110190e-01
9.099239631352591395e-01
8.942349015778249255e-01
8.958876864342737445e-01
1.023676595359216623e+00
9.897237586620619698e-01
6.906544342913309986e-01
-9.004902969063027784e-01
1.036319540913335446e+00
