5.000000000000000104e-03 1.341228835619285853e+01 1.286749483033295327e+01 1.242468617042359114e+01 1.207164120352742565e+01 1.179837828420770407e+01 1.158607865801915615e+01 1.142013370426342966e+01 1.119877458505039058e+01 1.111297246963837715e+01
1.499999999999999944e-02 1.341301084243676378e+01 1.286789674674282047e+01 1.242496373695984424e+01 1.207228350077122769e+01 1.179950902209742836e+01 1.158776886747681623e+01 1.142196197329723617e+01 1.120362477445158156e+01 1.111688286803975423e+01
2.500000000000000139e-02 1.341384727486277839e+01 1.286840931858206005e+01 1.242535199267235591e+01 1.207302567698310725e+01 1.180072048405083862e+01 1.158951242430525319e+01 1.142382218122583382e+01 1.120843348903771108e+01 1.112074290591896286e+01
3.499999999999999639e-02 1.341479765347090591e+01 1.286903254585066669e+01 1.242585093756112258e+01 1.207386773216306430e+01 1.180201267006793131e+01 1.159130932850447060e+01 1.142571432804921727e+01 1.121320072880877561e+01 1.112455258327600305e+01
4.499999999999999833e-02 1.341586197826114280e+01 1.286976642854864572e+01 1.242646057162614781e+01 1.207480966631109887e+01 1.180338558014870998e+01 1.159315958007446490e+01 1.142763841376739187e+01 1.121792649376477691e+01 1.112831190011087124e+01
5.500000000000000028e-02 1.341704024923349259e+01 1.287061096667599180e+01 1.242718089486743160e+01 1.207585147942721093e+01 1.180483921429317284e+01 1.159506317901523609e+01 1.142959443838035227e+01 1.122261078390571498e+01 1.113202085642357275e+01
6.500000000000000222e-02 1.341833246638795174e+01 1.287156616023270850e+01 1.242801190728497041e+01 1.207699317151140228e+01 1.180637357250131991e+01 1.159702012532678772e+01 1.143158240188810382e+01 1.122725359923158983e+01 1.113567945221410227e+01
7.500000000000001110e-02 1.341973862972452380e+01 1.287263200921879580e+01 1.242895360887876777e+01 1.207823474256366936e+01 1.180798865477315296e+01 1.159903041900911624e+01 1.143360230429064295e+01 1.123185493974240146e+01 1.113928768748246334e+01
8.500000000000000611e-02 1.342125873924320523e+01 1.287380851363425194e+01 1.243000599964882369e+01 1.207957619258401394e+01 1.180968446110867021e+01 1.160109406006222166e+01 1.143565414558796967e+01 1.123641480543814808e+01 1.114284556222865596e+01
9.500000000000000111e-02 1.342289279494399956e+01 1.287509567347907868e+01 1.243116907959513462e+01 1.208101752157243602e+01 1.181146099150787165e+01 1.160321104848610752e+01 1.143773792578008575e+01 1.124093319631883148e+01 1.114635307645267837e+01
1.050000000000000100e-01 1.342464079682690326e+01 1.287649348875327426e+01 1.243244284871770411e+01 1.208255872952893739e+01 1.181331824597075730e+01 1.160538138428077026e+01 1.143985364486699119e+01 1.124541011238445343e+01 1.114981023015453054e+01
1.150000000000000050e-01 1.342650274489191986e+01 1.287800195945684045e+01 1.243382730701653038e+01 1.208419981645351449e+01 1.181525622449732893e+01 1.160760506744620990e+01 1.144200130284868422e+01 1.124984555363501038e+01 1.115321702333421428e+01
1.250000000000000000e-01 1.342847863913904582e+01 1.287962108558977548e+01 1.243532245449161344e+01 1.208594078234617086e+01 1.181727492708758298e+01 1.160988209798242821e+01 1.144418089972516661e+01 1.125423952007050232e+01 1.115657345599172778e+01
1.350000000000000089e-01 1.343056847956828292e+01 1.288135086715207933e+01 1.243692829114295506e+01 1.208778162720690297e+01 1.181937435374152301e+01 1.161221247588942518e+01 1.144639243549643659e+01 1.125859201169093282e+01 1.115987952812707107e+01
1.450000000000000178e-01 1.343277226617963294e+01 1.288319130414375557e+01 1.243864481697055346e+01 1.208972235103571435e+01 1.182155450445914724e+01 1.161459620116720082e+01 1.144863591016249416e+01 1.126290302849630010e+01 1.116313523974024591e+01
1.549999999999999989e-01 1.343508999897309231e+01 1.288514239656479887e+01 1.244047203197440865e+01 1.209176295383260147e+01 1.182381537924045745e+01 1.161703327381575335e+01 1.145091132372334286e+01 1.126717257048660237e+01 1.116634059083125230e+01
1.650000000000000078e-01 1.343752167794866281e+01 1.288720414441521278e+01 1.244240993615452062e+01 1.209390343559756786e+01 1.182615697808545008e+01 1.161952369383508454e+01 1.145321867617897738e+01 1.127140063766184142e+01 1.116949558140008669e+01
1.750000000000000167e-01 1.344006730310634445e+01 1.288937654769499730e+01 1.244445852951089115e+01 1.209614379633061176e+01 1.182857930099412869e+01 1.162206746122519441e+01 1.145555796752940303e+01 1.127558723002201724e+01 1.117260021144675441e+01
1.849999999999999978e-01 1.344272687444613723e+01 1.289165960640415065e+01 1.244661781204351847e+01 1.209848403603173317e+01 1.183108234796649150e+01 1.162466457598608116e+01 1.145792919777461627e+01 1.127973234756712984e+01 1.117565448097125014e+01
1.950000000000000067e-01 1.344550039196804114e+01 1.289405332054267461e+01 1.244888778375240435e+01 1.210092415470093030e+01 1.183366611900253851e+01 1.162731503811774658e+01 1.146033236691461710e+01 1.128383599029717921e+01 1.117865838997357741e+01
2.050000000000000155e-01 1.344838785567205619e+01 1.289655769011056741e+01 1.245126844463754523e+01 1.210346415233820672e+01 1.183633061410227150e+01 1.163001884762018889e+01 1.146276747494940729e+01 1.128789815821216536e+01 1.118161193845373624e+01
2.149999999999999967e-01 1.345138926555818237e+01 1.289917271510782903e+01 1.245375979469894467e+01 1.210610402894356064e+01 1.183907583326568869e+01 1.163277600449340987e+01 1.146523452187898684e+01 1.129191885131208650e+01 1.118451512641172485e+01
2.250000000000000056e-01 1.345450462162641969e+01 1.290189839553446305e+01 1.245636183393660090e+01 1.210884378451699206e+01 1.184190177649278830e+01 1.163558650873740952e+01 1.146773350770335398e+01 1.129589806959694620e+01 1.118736795384754323e+01
2.350000000000000144e-01 1.345773392387676815e+01 1.290473473139046412e+01 1.245907456235051569e+01 1.211168341905850099e+01 1.184480844378357567e+01 1.163845036035218605e+01 1.147026443242250870e+01 1.129983581306674090e+01 1.119017042076119317e+01
2.449999999999999956e-01 1.346107717230922773e+01 1.290768172267583580e+01 1.246189797994068549e+01 1.211462293256808742e+01 1.184779583513804546e+01 1.164136755933774303e+01 1.147282729603645279e+01 1.130373208172147237e+01 1.119292252715267288e+01
2.550000000000000044e-01 1.346453436692379846e+01 1.291073936939057809e+01 1.246483208670711385e+01 1.211766232504575136e+01 1.185086395055620123e+01 1.164433810569407513e+01 1.147542209854518624e+01 1.130758687556113884e+01 1.119562427302198238e+01
2.650000000000000133e-01 1.346810550772048032e+01 1.291390767153468921e+01 1.246787688264980076e+01 1.212080159649149458e+01 1.185401279003803943e+01 1.164736199942118766e+01 1.147804883994870728e+01 1.131140019458574386e+01 1.119827565836912342e+01
2.750000000000000222e-01 1.347179059469927331e+01 1.291718662910816917e+01 1.247103236776874269e+01 1.212404074690531353e+01 1.185724235358356538e+01 1.165043924051907709e+01 1.148070752024701768e+01 1.131517203879528566e+01 1.120087668319409602e+01
2.850000000000000311e-01 1.347558962786017744e+01 1.292057624211102151e+01 1.247429854206394317e+01 1.212737977628720998e+01 1.186055264119277375e+01 1.165356982898774518e+01 1.148339813944011567e+01 1.131890240818976245e+01 1.120342734749689839e+01
2.949999999999999845e-01 1.347950260720319093e+01 1.292407651054324091e+01 1.247767540553540044e+01 1.213081868463718394e+01 1.186394365286566632e+01 1.165675376482719017e+01 1.148612069752800302e+01 1.132259130276917602e+01 1.120592765127753054e+01
3.049999999999999933e-01 1.348352953272831733e+01 1.292768743440483092e+01 1.248116295818311627e+01 1.213435747195523717e+01 1.186741538860224487e+01 1.165999104803741382e+01 1.148887519451067973e+01 1.132623872253352637e+01 1.120837759453599425e+01
3.150000000000000022e-01 1.348767040443555487e+01 1.293140901369579154e+01 1.248476120000708711e+01 1.213799613824136614e+01 1.187096784840250763e+01 1.166328167861841614e+01 1.149166163038814403e+01 1.132984466748281349e+01 1.121077717727228773e+01
3.250000000000000111e-01 1.349192522232490354e+01 1.293524124841612100e+01 1.248847013100731651e+01 1.214173468349557439e+01 1.187460103226645458e+01 1.166662565657019535e+01 1.149448000516039592e+01 1.133340913761703739e+01 1.121312639948641099e+01
3.350000000000000200e-01 1.349629398639636157e+01 1.293918413856581928e+01 1.249228975118380447e+01 1.214557310771785836e+01 1.187831494019408751e+01 1.167002298189275322e+01 1.149733031882743717e+01 1.133693213293619806e+01 1.121542526117836580e+01
3.450000000000000289e-01 1.350077669664993252e+01 1.294323768414488818e+01 1.249622006053654744e+01 1.214951141090822162e+01 1.188210957218540287e+01 1.167347365458608976e+01 1.150021257138926778e+01 1.134041365344029373e+01 1.121767376234815039e+01
3.550000000000000377e-01 1.350537335308561282e+01 1.294740188515332768e+01 1.250026105906554896e+01 1.215354959306666238e+01 1.188598492824040420e+01 1.167697767465020320e+01 1.150312676284588598e+01 1.134385369912932617e+01 1.121987190299576653e+01
3.649999999999999911e-01 1.351008395570340603e+01 1.295167674159113602e+01 1.250441274677080727e+01 1.215768765419317887e+01 1.188994100835908974e+01 1.168053504208509530e+01 1.150607289319729176e+01 1.134725227000329539e+01 1.122201968312121245e+01
3.750000000000000000e-01 1.351490850450330861e+01 1.295606225345831319e+01 1.250867512365232237e+01 1.216192559428777464e+01 1.189397781254146125e+01 1.168414575689076607e+01 1.150905096244348869e+01 1.135060936606220139e+01 1.122411710272448992e+01
3.850000000000000089e-01 1.351984699948532409e+01 1.296055842075486098e+01 1.251304818971009603e+01 1.216626341335044792e+01 1.189809534078751518e+01 1.168780981906721372e+01 1.151206097058447142e+01 1.135392498730604416e+01 1.122616416180559717e+01
3.950000000000000178e-01 1.352489944064944893e+01 1.296516524348077937e+01 1.251753194494412647e+01 1.217070111138119870e+01 1.190229359309725510e+01 1.169152722861444005e+01 1.151510291762024529e+01 1.135719913373482370e+01 1.122816086036453420e+01
4.050000000000000266e-01 1.353006582799568669e+01 1.296988272163606659e+01 1.252212638935441369e+01 1.217523868838002521e+01 1.190657256947067921e+01 1.169529798553244326e+01 1.151817680355080675e+01 1.136043180534853825e+01 1.123010719840130278e+01
4.150000000000000355e-01 1.353534616152403380e+01 1.297471085522072443e+01 1.252683152294095947e+01 1.217987614434693100e+01 1.191093226990778753e+01 1.169912208982122692e+01 1.152128262837615580e+01 1.136362300214719134e+01 1.123200317591590114e+01
4.249999999999999889e-01 1.354074044123449205e+01 1.297964964423475109e+01 1.253164734570376027e+01 1.218461347928191429e+01 1.191537269440858182e+01 1.170299954148078747e+01 1.152442039209629421e+01 1.136677272413077944e+01 1.123384879290833105e+01
4.349999999999999978e-01 1.354624866712706321e+01 1.298469908867814659e+01 1.253657385764282139e+01 1.218945069318497509e+01 1.191989384297305854e+01 1.170693034051112491e+01 1.152759009471122020e+01 1.136988097129930431e+01 1.123564404937859074e+01
4.450000000000000067e-01 1.355187083920174373e+01 1.298985918855091271e+01 1.254161105875813753e+01 1.219438778605611340e+01 1.192449571560122124e+01 1.171091448691224102e+01 1.153079173622093556e+01 1.137294774365276595e+01 1.123738894532668198e+01
4.550000000000000155e-01 1.355760695745853539e+01 1.299512994385304943e+01 1.254675894904971223e+01 1.219942475789533098e+01 1.192917831229306813e+01 1.171495198068413579e+01 1.153402531662544028e+01 1.137597304119116437e+01 1.123908348075260299e+01
4.650000000000000244e-01 1.356345702189743818e+01 1.300051135458455498e+01 1.255201752851754193e+01 1.220456160870262430e+01 1.193394163304860101e+01 1.171904282182680923e+01 1.153729083592473259e+01 1.137895686391449779e+01 1.124072765565635379e+01
4.750000000000000333e-01 1.356942103251845388e+01 1.300600342074542937e+01 1.255738679716163197e+01 1.220979833847799512e+01 1.193878567786781630e+01 1.172318701034025956e+01 1.154058829411881248e+01 1.138189921182276976e+01 1.124232147003793614e+01
4.849999999999999867e-01 1.357549898932157895e+01 1.301160614233567436e+01 1.256286675498197702e+01 1.221513494722144344e+01 1.194371044675071758e+01 1.172738454622448856e+01 1.154391769120768352e+01 1.138480008491597673e+01 1.124386492389734826e+01
4.949999999999999956e-01 1.358169089230681514e+01 1.301731951935528819e+01 1.256845740197858063e+01 1.222057143493297104e+01 1.194871593969730306e+01 1.173163542947949445e+01 1.154727902719134036e+01 1.138765948319412047e+01 1.124535801723459194e+01
5.050000000000000044e-01 1.358799674147416248e+01 1.302314355180427263e+01 1.257415873815144103e+01 1.222610780161257438e+01 1.195380215670757451e+01 1.173593966010527900e+01 1.155067230206978834e+01 1.139047740665720099e+01 1.124680075004966540e+01
5.150000000000000133e-01 1.359441653682362094e+01 1.302907823968262768e+01 1.257997076350055821e+01 1.223174404726025699e+01 1.195896909778152839e+01 1.174029723810184223e+01 1.155409751584302214e+01 1.139325385530521828e+01 1.124819312234256863e+01
5.250000000000000222e-01 1.360095027835519055e+01 1.303512358299035157e+01 1.258589347802593394e+01 1.223748017187601533e+01 1.196421676291916825e+01 1.174470816346918234e+01 1.155755466851104707e+01 1.139598882913817057e+01 1.124953513411330341e+01
5.350000000000000311e-01 1.360759796606887129e+01 1.304127958172744428e+01 1.259192688172756647e+01 1.224331617545985296e+01 1.196954515212049230e+01 1.174917243620730289e+01 1.156104376007385959e+01 1.139868232815606142e+01 1.125082678536186798e+01
5.450000000000000400e-01 1.361435959996466316e+01 1.304754623589390761e+01 1.259807097460545577e+01 1.224925205801176631e+01 1.197495426538550056e+01 1.175369005631619856e+01 1.156456479053145969e+01 1.140133435235888726e+01 1.125206807608826409e+01
5.550000000000000488e-01 1.362123518004256617e+01 1.305392354548974154e+01 1.260432575665960186e+01 1.225528781953175894e+01 1.198044410271419302e+01 1.175826102379587468e+01 1.156811775988384916e+01 1.140394490174664988e+01 1.125325900629248999e+01
5.650000000000000577e-01 1.362822470630258032e+01 1.306041151051494431e+01 1.261069122789000652e+01 1.226142346001982730e+01 1.198601466410657146e+01 1.176288533864632768e+01 1.157170266813102799e+01 1.140651397631934927e+01 1.125439957597454743e+01
5.750000000000000666e-01 1.363532817874470560e+01 1.306701013096951591e+01 1.261716738829666795e+01 1.226765897947597495e+01 1.199166594956263410e+01 1.176756300086755935e+01 1.157531951527299441e+01 1.140904157607698544e+01 1.125548978513443465e+01
5.849999999999999645e-01 1.364254559736894024e+01 1.307371940685345812e+01 1.262375423787958617e+01 1.227399437790020009e+01 1.199739795908238094e+01 1.177229401045956791e+01 1.157896830130974841e+01 1.141152770101955838e+01 1.125652963377215166e+01
5.949999999999999734e-01 1.364987696217528779e+01 1.308053933816676917e+01 1.263045177663876295e+01 1.228042965529250274e+01 1.200321069266581198e+01 1.177707836742235514e+01 1.158264902624129178e+01 1.141397235114706632e+01 1.125751912188770021e+01
6.049999999999999822e-01 1.365732227316374647e+01 1.308746992490945082e+01 1.263726000457419651e+01 1.228696481165288290e+01 1.200910415031292899e+01 1.178191607175592104e+01 1.158636169006762451e+01 1.141637552645951281e+01 1.125845824948107854e+01
6.149999999999999911e-01 1.366488153033431630e+01 1.309451116708150309e+01 1.264417892168588686e+01 1.229359984698134056e+01 1.201507833202372844e+01 1.178680712346026382e+01 1.159010629278874482e+01 1.141873722695689430e+01 1.125934701655228842e+01
6.250000000000000000e-01 1.367255473368699548e+01 1.310166306468292419e+01 1.265120852797383399e+01 1.230033476127787573e+01 1.202113323779821386e+01 1.179175152253538528e+01 1.159388283440465450e+01 1.142105745263921257e+01 1.126018542310132808e+01
6.350000000000000089e-01 1.368034188322178757e+01 1.310892561771371412e+01 1.265834882343803969e+01 1.230716955454248840e+01 1.202726886763638525e+01 1.179674926898128540e+01 1.159769131491535177e+01 1.142333620350646761e+01 1.126097346912819752e+01
6.450000000000000178e-01 1.368824297893869080e+01 1.311629882617387466e+01 1.266559980807850216e+01 1.231410422677517857e+01 1.203348522153823907e+01 1.180180036279796241e+01 1.160153173432083840e+01 1.142557347955865943e+01 1.126171115463289851e+01
6.550000000000000266e-01 1.369625802083770338e+01 1.312378269006340403e+01 1.267296148189522143e+01 1.232113877797594625e+01 1.203978229950377887e+01 1.180690480398541808e+01 1.160540409262111439e+01 1.142776928079578624e+01 1.126239847961542928e+01
6.650000000000000355e-01 1.370438700891882888e+01 1.313137720938230402e+01 1.268043384488819925e+01 1.232827320814479144e+01 1.204616010153300110e+01 1.181206259254365065e+01 1.160930838981617619e+01 1.142992360721785161e+01 1.126303544407579160e+01
6.750000000000000444e-01 1.371262994318206374e+01 1.313908238413057461e+01 1.268801689705743385e+01 1.233550751728171413e+01 1.205261862762591107e+01 1.181727372847266366e+01 1.161324462590602913e+01 1.143203645882485198e+01 1.126362204801398370e+01
6.850000000000000533e-01 1.372098682362741151e+01 1.314689821430821404e+01 1.269571063840292524e+01 1.234284170538671610e+01 1.205915787778250348e+01 1.182253821177245356e+01 1.161721280089066966e+01 1.143410783561678912e+01 1.126415829143000735e+01
6.950000000000000622e-01 1.372945765025486864e+01 1.315482469991522230e+01 1.270351506892467341e+01 1.235027577245979380e+01 1.206577785200278186e+01 1.182785604244302036e+01 1.162121291477009777e+01 1.143613773759366303e+01 1.126464417432386078e+01
7.050000000000000711e-01 1.373804242306443868e+01 1.316286184095160117e+01 1.271143018862268015e+01 1.235780971850094900e+01 1.207247855028674266e+01 1.183322722048436582e+01 1.162524496754431702e+01 1.143812616475547372e+01 1.126507969669554399e+01
7.149999999999999689e-01 1.374674114205611808e+01 1.317100963741734887e+01 1.271945599749694367e+01 1.236544354351018349e+01 1.207925997263438944e+01 1.183865174589648994e+01 1.162930895921332208e+01 1.144007311710222119e+01 1.126546485854505875e+01
7.249999999999999778e-01 1.375555380722990861e+01 1.317926808931246718e+01 1.272759249554746397e+01 1.237317724748749370e+01 1.208612211904572220e+01 1.184412961867939273e+01 1.163340488977711651e+01 1.144197859463390365e+01 1.126579965987240328e+01
7.349999999999999867e-01 1.376448041858581206e+01 1.318763719663695433e+01 1.273583968277424283e+01 1.238101083043288320e+01 1.209306498952073738e+01 1.184966083883307242e+01 1.163753275923570030e+01 1.144384259735052467e+01 1.126608410067757937e+01
7.449999999999999956e-01 1.377352097612382487e+01 1.319611695939081208e+01 1.274419755917727848e+01 1.238894429234634842e+01 1.210008858405943855e+01 1.185524540635753077e+01 1.164169256758907167e+01 1.144566512525208068e+01 1.126631818096058524e+01
7.550000000000000044e-01 1.378267547984394881e+01 1.320470737757404045e+01 1.275266612475657091e+01 1.239697763322789292e+01 1.210719290266182391e+01 1.186088332125276601e+01 1.164588431483723241e+01 1.144744617833857347e+01 1.126650190072142088e+01
7.650000000000000133e-01 1.379194392974618388e+01 1.321340845118663587e+01 1.276124537951212012e+01 1.240511085307751493e+01 1.211437794532789347e+01 1.186657458351877992e+01 1.165010800098018251e+01 1.144918575661000304e+01 1.126663525996008808e+01
7.750000000000000222e-01 1.380132632583053010e+01 1.322222018022860368e+01 1.276993532344392790e+01 1.241334395189521445e+01 1.212164371205764724e+01 1.187231919315557249e+01 1.165436362601792020e+01 1.145088386006636938e+01 1.126671825867658683e+01
7.850000000000000311e-01 1.381082266809698922e+01 1.323114256469994032e+01 1.277873595655199246e+01 1.242167692968098969e+01 1.212899020285108698e+01 1.187811715016314373e+01 1.165865118995044547e+01 1.145254048870767072e+01 1.126675089687091358e+01
7.950000000000000400e-01 1.382043295654555770e+01 1.324017560460064580e+01 1.278764727883631380e+01 1.243010978643484421e+01 1.213641741770820914e+01 1.188396845454149187e+01 1.166297069277776011e+01 1.145415564253391061e+01 1.126673317454307366e+01
8.050000000000000488e-01 1.383015719117623732e+01 1.324931929993072188e+01 1.279666929029689193e+01 1.243864252215677624e+01 1.214392535662901906e+01 1.188987310629061867e+01 1.166732213449986233e+01 1.145572932154508550e+01 1.126666509169306174e+01
8.150000000000000577e-01 1.383999537198902807e+01 1.325857365069016680e+01 1.280580199093372862e+01 1.244727513684678577e+01 1.215151401961351141e+01 1.189583110541052235e+01 1.167170551511675569e+01 1.145726152574119716e+01 1.126654664832088137e+01
8.250000000000000666e-01 1.384994749898392996e+01 1.326793865687898233e+01 1.281504538074682209e+01 1.245600763050487281e+01 1.215918340666168795e+01 1.190184245190120471e+01 1.167612083462843486e+01 1.145875225512224560e+01 1.126637784442653256e+01
8.350000000000000755e-01 1.386001357216094299e+01 1.327741431849716669e+01 1.282439945973617412e+01 1.246484000313103735e+01 1.216693351777355048e+01 1.190790714576266573e+01 1.168056809303490340e+01 1.146020150968823081e+01 1.126615868001001175e+01
8.449999999999999734e-01 1.387019359152006714e+01 1.328700063554472166e+01 1.283386422790178116e+01 1.247377225472527940e+01 1.217476435294909720e+01 1.191402518699490365e+01 1.168504729033616130e+01 1.146160928943915103e+01 1.126588915507132427e+01
8.549999999999999822e-01 1.388048755706130244e+01 1.329669760802164546e+01 1.284343968524364676e+01 1.248280438528759895e+01 1.218267591218832813e+01 1.192019657559792023e+01 1.168955842653220678e+01 1.146297559437500979e+01 1.126556926961046479e+01
8.649999999999999911e-01 1.389089546878464887e+01 1.330650523592793988e+01 1.285312583176176915e+01 1.249193639481799778e+01 1.219066819549124325e+01 1.192642131157171548e+01 1.169410150162304163e+01 1.146430042449580355e+01 1.126519902362743686e+01
8.750000000000000000e-01 1.390141732669010644e+01 1.331642351926360313e+01 1.286292266745615009e+01 1.250116828331647234e+01 1.219874120285784436e+01 1.193269939491628762e+01 1.169867651560866406e+01 1.146558377980153409e+01 1.126477841712224048e+01
8.850000000000000089e-01 1.391205313077767336e+01 1.332645245802863698e+01 1.287283019232678605e+01 1.251050005078302441e+01 1.220689493428812966e+01 1.193903082563163842e+01 1.170328346848907586e+01 1.146682566029220141e+01 1.126430745009487389e+01
8.950000000000000178e-01 1.392280288104735320e+01 1.333659205222304145e+01 1.288284840637368056e+01 1.251993169721765398e+01 1.221512938978209917e+01 1.194541560371776789e+01 1.170792236026427702e+01 1.146802606596780549e+01 1.126378612254533707e+01
9.050000000000000266e-01 1.393366657749914417e+01 1.334684230184681297e+01 1.289297730959683363e+01 1.252946322262036283e+01 1.222344456933975287e+01 1.195185372917467426e+01 1.171259319093426576e+01 1.146918499682834636e+01 1.126321443447363180e+01
9.150000000000000355e-01 1.394464422013304628e+01 1.335720320689995688e+01 1.290321690199624172e+01 1.253909462699114741e+01 1.223184047296109256e+01 1.195834520200235929e+01 1.171729596049904210e+01 1.147030245287382400e+01 1.126259238587975631e+01
9.250000000000000444e-01 1.395573580894905774e+01 1.336767476738246785e+01 1.291356718357190836e+01 1.254882591033001127e+01 1.224031710064611644e+01 1.196489002220082298e+01 1.172203066895860779e+01 1.147137843410423663e+01 1.126191997676371237e+01
9.350000000000000533e-01 1.396694134394718212e+01 1.337825698329435120e+01 1.292402815432383179e+01 1.255865707263695086e+01 1.224887445239482453e+01 1.197148818977006357e+01 1.172679731631296285e+01 1.147241294051958604e+01 1.126119720712549821e+01
9.450000000000000622e-01 1.397826082512741763e+01 1.338894985463560161e+01 1.293459981425201377e+01 1.256858811391196973e+01 1.225751252820721682e+01 1.197813970471008282e+01 1.173159590256210549e+01 1.147340597211987223e+01 1.126042407696511383e+01
9.550000000000000711e-01 1.398969425248976250e+01 1.339975338140622441e+01 1.294528216335645254e+01 1.257861903415506610e+01 1.226623132808329331e+01 1.198484456702088075e+01 1.173642642770603750e+01 1.147435752890509519e+01 1.125960058628256100e+01
9.649999999999999689e-01 1.400124162603422029e+01 1.341066756360621426e+01 1.295607520163714810e+01 1.258874983336623821e+01 1.227503085202305577e+01 1.199160277670245556e+01 1.174128889174475709e+01 1.147526761087525493e+01 1.125872673507783794e+01
9.749999999999999778e-01 1.401290294576078743e+01 1.342169240123557650e+01 1.296697892909410044e+01 1.259898051154548959e+01 1.228391110002650244e+01 1.199841433375480904e+01 1.174618329467826428e+01 1.147613621803035144e+01 1.125780252335094644e+01
9.849999999999999867e-01 1.402467821166946749e+01 1.343282789429430579e+01 1.297799334572730956e+01 1.260931106869281848e+01 1.229287207209363331e+01 1.200527923817793940e+01 1.175110963650656259e+01 1.147696335037038295e+01 1.125682795110188472e+01
9.949999999999999956e-01 1.403656742376025690e+01 1.344407404278240747e+01 1.298911845153677724e+01 1.261974150480822487e+01 1.230191376822444838e+01 1.201219748997184844e+01 1.175606791722964850e+01 1.147774900789535302e+01 1.125580301833065455e+01
